Initial probs:
[4.5447032e-06 5.3344274e-06 3.9218385e-06 4.4794315e-06 7.4163390e-06
 3.7466259e-06 9.0736821e-06 4.7578415e-06 1.3436051e-04 9.9982244e-01]

Transition probs:
[[6.14098739e-04 4.20229626e-04 3.47590743e-04 4.61280695e-04
  9.87388426e-04 4.77724505e-04 4.90202103e-04 7.02299294e-04
  9.88440514e-01 7.05863768e-03]
 [3.55811630e-06 3.75018249e-06 1.89397917e-06 1.31854631e-06
  6.07480993e-04 1.06032564e-06 2.05760921e-06 2.87798480e-06
  2.73503865e-05 9.99348581e-01]
 [1.09829889e-04 3.11406271e-04 2.03544492e-04 1.20916266e-04
  9.95390296e-01 3.35075660e-04 1.42011748e-04 1.39850992e-04
  1.62325718e-03 1.62377127e-03]
 [5.02196235e-06 1.04534111e-05 7.07302343e-06 3.34220067e-06
  1.68906954e-05 3.62511582e-06 8.45433715e-06 7.70570114e-06
  9.99866366e-01 7.10049353e-05]
 [2.68748317e-05 3.42475586e-02 5.06329015e-05 1.68381989e-01
  3.31602023e-05 6.45893160e-05 3.67191824e-05 7.23445646e-06
  3.32309282e-04 7.96818972e-01]
 [1.10966448e-06 1.22945279e-01 1.35674112e-04 1.21950575e-06
  1.93741485e-01 2.00136125e-01 3.56668738e-06 2.57592160e-06
  1.23609225e-05 4.83020633e-01]
 [8.00319540e-04 4.07785550e-03 1.38140470e-03 2.70693097e-03
  7.77555764e-01 3.39778676e-03 1.86803541e-03 1.45795033e-03
  1.34443209e-01 7.23108500e-02]
 [1.43041322e-03 3.58981197e-03 1.61933922e-03 2.21170974e-03
  4.81077097e-02 5.16764820e-03 1.57055969e-03 4.09178436e-03
  8.01565051e-01 1.30645961e-01]
 [8.16674310e-06 2.92744450e-02 4.63933429e-06 1.00235238e-05
  1.44054211e-05 9.71541976e-06 6.81002075e-06 1.18403932e-05
  9.70479429e-01 1.80472896e-04]
 [9.20623393e-07 3.87305208e-03 7.61354158e-06 1.29893851e-06
  4.42429046e-05 2.11549222e-01 1.76138656e-06 1.14788452e-06
  8.80635853e-05 7.84432650e-01]]